501 2929.12 1403.25
601 3466.53 1307.57
701 3921.05 1641.74
801 4014.82 15.9638
901 4579.07 1059.84
1001 4773.55 29.4508
1101 5958.3 2479.8
1201 7306.6 1545.44
1301 7860.85 1553.53
1401 8344.2 1612.33
1501 8964.33 1884.07
1601 9376.77 1589.15
1701 9906.7 1594.26
1801 8316.3 1497.85
1901 8755.52 1477.11
2001 9157.25 1463.08
2101 9991.98 1467.39
2201 10440.5 1802.16
2301 10754 1486.25
2401 11081.9 1485.23
2501 11591 1529.01
2601 11957.5 1506.8
2701 12466.5 1517
2801 12869.7 1508.91
2901 13236 1457.27
3001 13914.4 1529.81
3101 14082 1513.85
3201 14469.8 1692.85
3301 15181.1 1757.58
3401 15291.2 1521.48
3501 15693 1519.41
3601 16071.5 1517.23
3701 16341.1 88.9888
3801 16687.1 50.417
3901 17396.7 49.4284
4001 17593.6 38.7961
4101 18206.4 43.4459
4201 18575.2 53.6087
4301 19698.3 493.358
4401 20119.1 41.9728
4501 20653.6 45.2177
4601 20925.7 64.9846
4701 21811.2 47.8272
4801 21935.9 511.631
4901 22311.9 59.9543
5001 22695.7 51.0532
5101 23439.7 509.456
5201 24058.5 57.6689
5301 24193.3 57.7495
5401 24810 930.761
5501 24914.8 46.8145
5601 25476.7 47.8004
5701 26976.7 2586.55
5801 26467.3 57.663
5901 26929 54.7862
6001 27081 59.6785
6101 27983.4 49.1522
6201 28238.3 56.0935
6301 28720.3 440.331
6401 28902.1 65.0351
6501 29667.9 113.398
6601 30176.9 362.993
6701 30383.8 73.0196
6801 31951 2925.65
6901 31303.4 88.358
7001 31966.9 1114.33
7101 32274.3 463.277
7201 32797.3 90.6485
7301 32994.3 60.5356
7401 33463.8 475.406
7501 34000.7 76.7493
7601 34646 2095.32
7701 35174.9 74.5788
7801 35208.9 101.84
7901 35557.1 80.5528
8001 36437.7 116.265
8101 36726.3 490.809
8201 37339.2 82.9333
8301 37331.6 96.3976
8401 38453 941.143
8501 39020.8 86.0778
8601 39092.2 80.4436
8701 39280.5 472.185
8801 39891.2 99.3357
8901 42359.6 966.416
9001 42949.3 974.045
9101 43254.3 138.489
9201 43590.9 138.035
9301 44180.8 110.02
9401 44842.8 472.894
9501 45336.8 941.708
9601 45667.4 460.003
9701 45890.2 125.098
9801 46632.8 512.394
9901 47250.7 138.074
