501 24351 110.633
551 23660.4 456.105
601 23595.8 110.94
651 23399.3 105.821
701 23226.7 889.462
751 23247.8 82.9817
801 23283.3 62.9353
851 23227.2 445.168
901 22904.5 71.2474
951 22844.6 60.8698
1001 22767.7 2022.92
1051 22263.5 68.072
1101 22148.8 55.8137
1151 22276.2 891.169
1201 21970.5 66.7608
1251 21864 58.4786
1301 21878.4 435.588
1351 21683.7 63.4421
1401 21599.5 63.8627
1451 21639.2 442.273
1501 21489.1 56.4222
1551 21456.2 56.3079
1601 21531.5 890.11
1651 21338.6 66.4058
1701 21304.5 77.0344
1751 21290 435.772
1801 21188.9 53.0256
1851 21170 72.8165
1901 21231.2 416.192
1951 20928.1 57.2513
2001 20928.5 49.7549
2051 21043.3 879.859
2101 20766.1 46.821
2151 20865.7 43.206
2201 20788 55.8077
2251 20807.9 47.4746
2301 20785.7 56.0273
2351 20768.5 52.9599
2401 20724.8 64.4396
2451 20754 62.8074
2501 20751.7 52.2092
2551 20828 856.337
2601 20731 58.5038
2651 20574.5 42.9301
2701 20681.9 451.789
2751 20577.4 53.353
2801 20576 52.8141
2851 20662.8 427.552
2901 20564.3 48.4738
2951 20520 55.5828
3001 20625.3 63.8674
3051 20554.7 50.2088
3101 20433.4 43.4159
3151 20562 51.9954
3201 20579.1 455.565
3251 20529.6 52.5698
3301 20478.4 61.7101
3351 20584.5 422.421
3401 20550.5 53.7871
3451 20456.1 56.7599
3501 20671.2 878.338
3551 20502 47.1084
3601 20498 51.6089
3651 20496.3 51.4774
3701 20454.7 58.9462
3751 20458.6 58.3141
3801 20393.9 60.7979
3851 20660.8 1547.51
3901 20242.3 57.1836
3951 20257.9 49.7938
4001 20460.5 924.479
4051 20274 50.2469
4101 20240.7 60.3999
4151 20299.4 444.474
4201 20276.7 54.0118
4251 20222.2 59.1481
4301 20241 37.0978
4351 20245 54.6388
4401 20190.6 52.8724
4451 20221.1 47.2441
4501 20341.8 884.79
4551 20176 47.9935
4601 20187.3 44.0235
4651 20258.9 450.047
4701 20201.6 58.4508
4751 20212.6 46.799
4801 20228.3 419.141
4851 20147.5 45.7903
4901 20217.2 44.6347
4951 20180.8 50.9855
5001 20144.4 46.9941
5051 20216.7 46.3365
5101 20162.7 50.4336
5151 20199.9 482.512
5201 20152.1 55.9725
5251 20183.5 50.1572
5301 20254.1 435.687
5351 20597.4 1913.2
5401 20151.3 45.0379
5451 20101.3 50.9928
5501 20168.9 53.8647
5551 20216.3 41.6735
5601 20161 56.5354
5651 20562 1931.77
5701 20123.8 61.1673
5751 20157.7 53.9395
5801 20224 425.272
5851 20159.5 52.8555
5901 20137.7 52.9068
5951 20314.4 1063.09
6001 20178.3 53.0073
6051 20136.6 54.0993
6101 20097.9 53.2082
6151 20088.3 35.5183
6201 20102.9 50.3723
6251 20105.5 48.2151
6301 20220 412.052
6351 20155.1 54.7429
6401 20172.2 48.5791
6451 20267.7 903.81
6501 20106.8 53.6003
6551 20143.9 48.7503
6601 20119.4 45.174
6651 20093 53.0457
6701 20147.8 56.5446
6751 20191.2 56.1781
6801 20227.7 429.93
6851 20152.5 47.1434
6901 20129.9 49.7355
6951 20199.6 867.577
7001 20082 46.7686
7051 20115 55.0275
7101 20248.9 428.645
7151 20187 50.2384
7201 20124.3 54.3367
7251 20189 48.3945
7301 20148.5 47.6319
7351 20148.5 53.2822
7401 20153.9 57.7199
7451 20350.4 940.948
7501 20179.5 37.8556
7551 20118.4 47.4814
7601 20184.7 468.106
7651 20115.6 44.8447
7701 20067.8 47.0118
7751 20065.5 51.8469
7801 19917.8 51.3698
7851 19948.6 48.5669
7901 19958.2 49.9491
7951 20110.3 870.311
8001 20027.4 49.7427
8051 20014.6 43.0411
8101 20105 430.613
8151 20035.8 47.9424
8201 20041 49.3971
8251 19992.9 42.8204
8301 19990 48.5561
8351 19969.8 45.4373
8401 19944.1 51.0873
8451 20119.4 869.056
8501 19993.4 45.2481
8551 20047.9 56.2345
8601 20096.5 416.029
8651 20022.2 51.933
8701 20003 50.2854
8751 20064.1 400.219
8801 19967.2 51.3671
8851 19947.2 42.92
8901 19946.7 55.8523
8951 19951.7 53.6389
9001 19961.3 47.9017
9051 19958.9 55.5022
9101 20038 384.345
9151 19968.2 48.8724
9201 19964.9 47.0775
9251 20027.2 408.749
9301 19936.4 42.3714
9351 19967.8 37.2282
9401 19958.5 49.7479
9451 19978 57.3402
9501 19935.8 42.9801
9551 19932.5 55.7611
9601 19968 406.183
9651 19923 47.1373
9701 19915 47.1057
9751 20423.8 1929.4
9801 19918.6 48.2264
9851 19941.6 42.7358
9901 19956.2 40.6744
9951 19948.3 52.0851
10001 19982.4 50.54
10051 19977.9 39.9145
10101 20038.2 404.19
10151 19919.3 50.5735
10201 19949.8 43.1139
10251 19995.9 429.044
10301 19886.7 42.7243
10351 19920.9 49.1127
10401 19933.2 50.4876
10451 19927.3 49.1718
10501 19898.7 39.1128
10551 19916.2 48.7108
10601 20002.2 416.647
10651 19930.2 48.5276
10701 19972.1 55.5041
10751 20031.1 386.616
10801 19937.5 48.7319
10851 19926.1 46.1654
10901 19918.5 56.1614
10951 19909.5 44.8481
11001 19894.4 49.4023
11051 19900.1 49.3183
11101 19958.7 416.279
11151 19859.5 52.646
11201 19862.5 48.3921
11251 19916 410.527
11301 19842 46.6947
11351 19827.8 59.5721
11401 19827.3 52.3257
11451 19878.5 52.5114
11501 19868.1 43.0103
11551 19904.5 39.9055
11601 20029 581.802
11651 19937.5 39.9349
11701 19948.8 58.794
11751 19998.1 414.302
11801 19953 49.274
11851 19960 57.0944
11901 19948.3 50.9491
11951 19937 59.5411
12001 19930.8 44.2513
12051 19925 42.477
12101 19981.8 418.816
12151 19918.3 49.0945
12201 19914.3 45.3787
12251 19978.4 419.1
12301 19892.8 50.7885
12351 19897.6 52.2507
12401 19854.1 47.3711
12451 19900.8 54.0083
12501 19881.3 43.3993
12551 19867.7 47.6272
12601 19969.3 411.429
12651 19884.7 49.95
12701 19885.9 47.3045
12751 19939.3 402.063
12801 19893.4 52.3545
12851 19896.1 51.4698
12901 19906.2 36.172
12951 19943.6 53.2681
13001 19979.8 59.2961
13051 19936.4 49.8382
13101 20012.9 429.13
13151 19912.6 42.2171
13201 19911.9 59.323
13251 19939.3 384.305
13301 19899.6 47.9176
13351 19912.4 51.7885
13401 19904.2 46.3984
13451 19907.5 45.8803
13501 21935.8 3398.57
13551 21963 4509.51
13601 20638.2 82.3066
13651 20630.5 83.9333
13701 20611.9 1957.54
13751 20164 1289.74
13801 19922.7 57.2378
13851 19925.8 121.51
13901 20336.2 2868.39
13951 20562.3 2938.35
14001 19878.7 59.7813
14051 19865.5 46.472
14101 19859.7 41.7807
14151 19879.5 41.8025
14201 19870.5 45.3481
14251 19926.2 416.493
14301 19869.2 39.4457
14351 19888.2 48.9012
14401 20030.2 904.167
14451 19917.1 52.4087
14501 19909 54.5059
14551 19947.3 44.8269
14601 19919.8 54.2994
14651 19902.8 58.9901
14701 19889.6 47.4894
14751 19952.5 413.93
14801 19888 45.173
14851 19894.4 56.797
14901 20038.2 843.472
14951 20094.5 1367.34
15001 19914.4 76.2377
15051 19902.5 48.7206
15101 20875.7 3317.93
15151 19908.1 60.0372
15201 19901.8 44.0407
15251 20832.3 2566.6
15301 19870.2 42.0467
15351 19865.5 39.9506
15401 19999.6 858.829
15451 19874.8 43.9429
15501 19847.5 53.4111
15551 20392.8 3404.03
15601 19835.8 49.3031
15651 21259.2 3877.91
15701 19770.8 45.2722
15751 19782.5 48.0416
15801 19782.8 40.9173
15851 19794.1 53.3358
15901 19940.2 864.202
15951 19830.4 44.9409
16001 19821.4 41.0779
16051 19883.4 420.106
16101 19821.3 45.055
16151 19848.6 44.7342
16201 20095.2 1640.59
16251 19843 36.5722
16301 19837.9 52.1799
16351 20272.8 1902.48
16401 19990.8 845.42
16451 19850 39.8463
16501 19869.8 50.9498
16551 19940 408.74
16601 19873 43.1642
16651 19877 44.3311
16701 19849.1 43.6582
16751 19859.6 43.5424
16801 19852.3 51.2388
16851 19835.3 52.3106
16901 19951.6 867.413
16951 19820.4 45.7389
17001 19826.7 44.8199
17051 19875.3 423.754
17101 19827 49.7702
17151 19810.5 53.1629
17201 19801.9 48.5388
17251 19794 51.358
17301 19792.7 43.9781
17351 19823.8 50.701
17401 19942 845.713
17451 19790.2 47.1536
17501 19801.7 52.2104
17551 19857.5 442.456
17601 19788.3 39.1551
17651 19785.8 43.7855
17701 19780.2 51.1416
17751 19995.3 1394.06
17801 19751.7 39.4805
17851 19752.8 44.6664
17901 19904.5 825.656
17951 19736.9 53.9468
18001 19744.9 51.685
18051 19723.6 45.6359
18101 19733.7 49.2201
18151 19731.5 43.7504
18201 19746.4 50.8541
18251 19824.2 393.355
18301 19744.7 43.2631
18351 19758.3 54.5144
18401 19919.8 821.541
18451 20196.6 1892.55
18501 19770.9 46.8644
18551 19793.7 42.1345
18601 19769.7 44.8497
18651 19770.4 41.3176
18701 19776.2 55.7363
18751 19870.4 350.778
18801 19803.5 43.7418
18851 19802 39.5341
18901 19969.3 813.985
18951 19828.2 49.9073
19001 19865.8 49.4756
19051 19846.5 36.7097
19101 19832.8 43.4817
19151 19858.3 41.8515
19201 19827.6 53.9707
19251 19905.8 400.686
19301 19804 44.8255
19351 19807.9 46.9403
19401 19959.7 862.856
19451 19806.6 54.7772
19501 19821.9 40.85
19551 19804.3 45.5801
19601 19794.6 39.7755
19651 19779.3 48.1417
19701 19787.1 46.0034
19751 20307 2732.23
19801 19805.4 48.5185
19851 19807 48.2187
19901 19926 837.506
19951 19797.9 58.7545
20001 19807.7 58.344
20051 19769 45.081
20101 19784.4 54.4205
20151 19748.9 43.8456
20201 19757.1 44.6745
20251 19809.8 396.599
20301 19743.7 42.868
20351 19732 53.3938
20401 19852.7 857.319
20451 19739.4 41.6088
20501 20141 2726.53
20551 19706.4 39.7328
20601 19705.2 49.7667
20651 19703.9 50.7897
20701 19695.5 48.183
20751 19802.4 394.402
20801 19731.1 41.1812
20851 19754 49.4927
20901 19879.1 852.371
20951 19756.5 41.0999
21001 19747.6 40.9181
21051 19737.7 47.8651
21101 19736.2 41.9775
21151 19728.9 46.2613
21201 19740 43.0453
21251 19817.5 391.112
21301 19748.7 47.9261
21351 19745.5 43.9164
21401 19899.3 851.809
21451 20223.5 1903.97
21501 19778.1 47.6733
21551 19769.3 52.9232
21601 19762.6 40.4035
21651 19763 44.6629
21701 19769.3 47.8838
21751 19831.3 398.639
21801 19772.5 45.969
21851 19780.8 46.7048
21901 19912.1 797.526
21951 20221.1 1907.5
22001 19793.8 45.2417
22051 19786.8 49.1812
22101 19786 52.1551
22151 19797.2 47.4313
22201 19814.6 50.5558
22251 19883.8 392.728
22301 19822 45.6601
22351 19827.5 47.6587
22401 19823.7 52.749
22451 19839.2 39.9803
22501 19840.8 46.3818
22551 19851.8 46.6393
22601 20333 1947.58
22651 19819.3 46.8492
22701 19832.7 40.0838
22751 19885.7 421.638
22801 19802.2 50.9733
22851 19809.1 39.0931
22901 19799.8 47.2161
22951 19802.8 45.9085
23001 19824.4 54.9339
23051 19808.7 45.5798
23101 19865.7 421.092
23151 19802.4 48.7636
23201 19794.3 34.6425
23251 20745.7 2973.05
23301 20231.7 1895.86
23351 19820 52.5476
23401 19795.6 46.6742
23451 19803 41.7827
23501 19778.1 31.54
23551 19773.4 50.3541
23601 20606.4 3041.56
23651 19763 51.4225
23701 19758.3 38.241
23751 19844.8 420.234
23801 19760.2 44.1629
23851 19758.5 39.9011
23901 19777.9 49.6398
23951 19756.2 43.6248
24001 21115.5 4187.19
24051 19750.7 55.1491
24101 19831.9 421.925
24151 19759.8 49.1453
24201 19780.2 51.651
24251 19838.5 407.687
24301 19758.8 55.6542
24351 19763.6 46.6952
24401 19782.9 43.7528
24451 19746.5 42.6966
24501 19747.4 48.2389
24551 19731.6 43.1073
24601 19797 409.403
24651 19739 47.6214
24701 19735.9 43.1919
24751 19795 411.588
24801 19721.5 43.9852
24851 19713.2 41.1764
24901 19710.7 45.4062
24951 19711 43.3647
25001 19703.7 50.0522
25051 19692.5 43.7047
25101 19777.2 428.668
25151 19706.9 55.1436
25201 19697.6 50.1327
25251 19765 387.093
25301 19713.7 50.3979
25351 19715.7 60.116
25401 19713 47.7462
25451 19722.7 37.6758
25501 19732.6 56.3577
25551 19731 51.4813
25601 19791.3 423.512
25651 19724.8 47.105
25701 19737.8 45.5581
25751 19803.3 412.251
25801 19721.2 47.5146
25851 19722.8 46.6926
25901 19748.5 47.2191
25951 19756 42.1159
26001 19751 38.8059
26051 19759.2 45.4712
26101 19831.2 417.562
26151 19767.8 48.1845
26201 20191.5 1895.68
26251 19818.4 425.843
26301 19770.8 44.8961
26351 19749.5 57.6689
26401 19762.7 43.6871
26451 19763.8 58.0314
26501 19759.7 55.4826
26551 19768.5 41.9792
26601 19839.2 391.21
26651 19748.9 39.5551
26701 19803.8 48.2176
26751 19792.5 52.2322
26801 19782.3 49.6922
26851 19769.5 46.8241
26901 19760.8 54.9971
26951 19929.2 838.133
27001 19783.8 49.8069
27051 19801 48.7704
27101 19865.2 409.908
27151 19783.9 40.6671
27201 19799.4 42.1098
27251 19812.2 46.0634
27301 19819.1 39.8129
27351 19820.5 41.3485
27401 19830.8 48.3661
27451 19985.2 1045.02
27501 19800.3 43.9654
27551 19801.5 47.5168
27601 19904.6 711.783
27651 19802.1 42.4807
27701 19789.2 47.6967
27751 19786.5 49.1874
27801 19802.2 41.705
27851 19798.7 52.069
27901 19800.4 46.2162
27951 19924.7 857.241
28001 19779.8 41.6353
28051 19782.6 46.8352
28101 19865.6 436.107
28151 19783.5 34.2892
28201 19792.8 45.7858
28251 19775.7 52.6842
28301 19777.3 39.8795
28351 19787.9 52.1091
28401 19787.7 49.3195
28451 19915 854.592
28501 19764.2 50.2898
28551 19763.7 57.0685
28601 19837.5 434.118
28651 19767.1 38.4267
28701 19759 42.1592
28751 19751.7 42.455
28801 19745.2 55.6371
28851 19728 35.3801
28901 19744 44.6015
28951 19857.8 829.238
29001 19756.5 40.7425
29051 19748.2 40.5677
29101 19811.3 418.268
29151 19751.1 47.7777
29201 19738.6 52.4051
29251 19740.8 42.8774
29301 19727.1 42.6979
29351 19745.9 46.9403
29401 19730.5 59.255
29451 19908.2 861.838
29501 19742.2 48.6963
29551 19748 42.1064
29601 19811 442.822
29651 23349.4 5486.27
29701 20371.8 50.2317
29751 20376 50.3336
29801 20210.2 1293.22
29851 19727.2 49.4548
29901 19715.9 42.8353
29951 19870.5 845.487
30001 19710.3 43.1529
30051 19716.5 46.5709
30101 19807.5 456.196
30151 19695.4 48.9968
30201 19723.4 41.3096
30251 20904.6 3564.9
30301 19782.3 95.6591
30351 19796.8 137.546
30401 19803.9 110.448
30451 20366.2 4061.8
30501 19705.7 54.5387
30551 19783.3 103.578
30601 20070.1 1452.58
30651 19702.7 41.1035
30701 19707.8 64.7722
30751 19699.8 49.9554
30801 19682.1 41.4496
30851 19691.6 47.1619
30901 19682.6 42.6168
30951 19890.8 1370.15
31001 19672.2 43.8798
31051 19764.2 51.9321
31101 19738.8 441.133
31151 19641 47.4234
31201 19609 48.0427
31251 19622.7 43.7837
31301 19619.7 43.4208
31351 19619.5 53.3474
31401 19604.9 44.1221
31451 19745.3 843.967
31501 19627.3 39.6438
31551 19614.4 39.5037
31601 19690.5 433.311
31651 19626.4 41.3291
31701 19606.8 46.1576
31751 19620.8 49.1669
31801 19691.7 406.58
31851 19646.6 49.2137
31901 19631.6 46.6095
31951 19783.5 842.161
32001 19625.2 46.7325
32051 19642.3 47.5392
32101 19636.6 42.0177
32151 19650.8 59.6338
32201 19634.1 51.9152
32251 19629 49.2039
32301 19711.8 403.347
32351 19649.2 52.0497
32401 19656.9 49.8685
32451 20214 2575.31
32501 19625.8 53.1253
32551 19643.6 46.1919
32601 19630.7 48.8897
32651 19642.7 49.9257
32701 19733.4 570.234
32751 19645.8 46.1549
32801 20607.5 2625.57
32851 19647.8 46.588
32901 19642.4 44.9292
32951 19920.5 1312.83
33001 19667.8 41.4454
33051 19654.2 46.8229
33101 19651.8 38.4115
33151 19659.6 51.3502
33201 19655.2 37.8126
33251 19670.5 52.1526
33301 19778.2 608.227
33351 19664.6 44.7056
33401 19678.5 58.1691
33451 19828.5 877.831
33501 19675.7 46.6205
33551 19685.5 44.2318
33601 19678.2 45.5501
33651 19759.4 428.824
33701 19688.5 39.9337
33751 19666.1 45.3333
33801 19764.1 413.557
33851 19678.8 42.8173
33901 19680 56.2225
33951 19695.9 34.5523
34001 19690.5 44.4533
34051 19678.8 46.5954
34101 19685.6 47.4014
34151 19752.4 417.66
34201 19699.3 45.2852
34251 19708.1 49.7334
34301 19762.5 404.809
34351 19711.9 48.0038
34401 19711.3 42.8448
34451 19697.1 41.1624
34501 19719.4 44.8585
34551 19708.7 45.5807
34601 19718.7 43.2281
34651 19796.4 432.597
34701 19719.5 39.3662
34751 19723.2 48.1236
34801 19807.3 422.317
34851 19740.1 46.2316
34901 19737.8 48.048
34951 19744.4 50.8537
35001 19758.5 46.9915
35051 19779.4 41.3648
35101 19744.6 44.5694
35151 19852.5 427.885
35201 19775 45.734
35251 19795.4 47.0887
35301 19863 372.455
35351 19798.5 48.5494
35401 19791 43.8412
35451 19817 53.2113
35501 19810.1 50.957
35551 19800.8 46.3743
35601 19794.3 48.3034
35651 19868 431.804
35701 19798.1 53.2922
35751 19801.3 42.0892
35801 19794.1 54.0896
35851 19794.3 44.3478
35901 19796.2 56.5829
35951 19789.9 41.3871
36001 19907.5 845.55
36051 19774.2 38.3131
36101 19778.3 39.1411
36151 19831.7 423.417
36201 19771.9 46.3073
36251 19780.9 39.9755
36301 19787.3 46.3462
36351 19781.7 39.5531
36401 19778.5 41.8653
36451 19768.9 44.0479
36501 19926.3 842.441
36551 19767 33.748
36601 19786.5 42.6726
36651 19835 409.365
36701 19771.2 45.4875
36751 19767 45.7859
36801 19764.4 48.3993
36851 19768.1 44.4468
36901 19768.7 48.9046
36951 19760.9 41.6964
37001 19913.7 851.971
37051 19782.1 54.1597
37101 19759.4 53.5812
37151 19807.2 441.444
37201 19745 38.4964
37251 19748.2 44.4086
37301 19742.9 38.6666
37351 19755.8 53.1953
37401 19780.6 56.7546
37451 19766.2 47.9723
37501 19885.1 849.191
37551 19763.3 44.3003
37601 19741.7 51.0181
37651 19814.3 423.741
37701 19734.3 45.4673
37751 19726 40.9649
37801 19739.9 35.5741
37851 19744 54.9734
37901 19728.8 48.1969
37951 19738.5 36.887
38001 19860.1 850.6
38051 20184.2 1879.8
38101 19709.5 40.0606
38151 19810.5 591.496
38201 19700.4 43.677
38251 19706.3 42.1825
38301 19706.9 48.5722
38351 19713.1 52.4583
38401 19707.8 41.3053
38451 19716.2 44.5923
38501 19854.9 851.038
38551 20154.1 2783.46
38601 19696.9 58.1615
38651 21748.4 4672.91
38701 24020 7068.69
38751 20368.2 65.2456
38801 21091.1 498.365
38851 21004.1 51.5225
38901 20844.9 1288.24
38951 19700.5 45.2736
39001 19716.2 45.7258
39051 19684.4 43.5555
39101 19981.9 1777.98
39151 19712.4 59.9503
39201 19695.9 39.958
39251 19719.4 49.4357
39301 19776.5 391.4
39351 19674.4 48.4354
39401 19684.8 46.2846
39451 19681.2 45.7493
39501 19687 36.9993
39551 19692.5 60.6238
39601 19683.7 45.1545
39651 19758.2 414.699
39701 19670.1 43.2547
39751 19667.6 55.7031
39801 19676.7 52.7165
39851 19675.4 46.7973
39901 19673 50.0312
39951 19678.6 43.6949
40001 19818.7 845.717
40051 19647.8 52.9767
40101 19688 49.7589
40151 19745.3 427.1
40201 19664.4 31.2591
40251 19680 45.3315
40301 19673.3 48.7917
40351 19684 44.8695
40401 19669.8 50.9494
40451 19665.6 41.3127
40501 19780.6 856.368
40551 19673.2 46.7578
40601 19665.5 43.5126
40651 19716.4 410.215
40701 19640.1 44.3752
40751 19673.8 44.479
40801 19659 47.3106
40851 19655.3 46.1506
40901 19661.4 47.6779
40951 19672.9 50.1676
41001 19786.2 864.646
41051 19653.5 50.502
41101 19658.2 50.0572
41151 19723.8 399.557
41201 19650.8 46.6984
41251 19628.8 43.6787
41301 19642.1 51.7145
41351 19699.3 435.992
41401 19645.3 48.5312
41451 19639.2 40.4664
41501 19789.9 817.272
41551 19616.9 49.443
41601 19622.3 47.2927
41651 19621.1 46.5182
41701 19600.1 48.9354
41751 19609 42.5676
41801 19602.8 53.5054
41851 19672.2 441.774
41901 19603.1 54.877
41951 19613.2 50.9838
42001 19756 853.4
42051 19595.2 41.5093
42101 19626.6 44.2735
42151 19607 43.8907
42201 19632.5 48.6117
42251 19607.8 43.8698
42301 19618.2 54.7423
42351 19669.9 420.217
42401 19608.4 36.4814
42451 19622.2 55.6705
42501 19770.7 894.931
42551 19625.3 43.2616
42601 19627.5 48.5778
42651 19624.3 53.7971
42701 19676.8 408.866
42751 19613.3 44.8723
42801 19641.5 48.4845
42851 19700 407.86
42901 19617.2 53.4554
42951 19635.2 46.1735
43001 19657.2 49.2813
43051 19620.4 52.8392
43101 19632.8 50.4828
43151 19621.3 39.8428
43201 19696.5 430.786
43251 19635.8 52.9233
43301 19635.2 42.6022
43351 19706 438.212
43401 19649.8 41.5954
43451 19626.3 50.4814
43501 19624.9 44.241
43551 19641.5 42.6685
43601 19638.9 52.5546
43651 19644.7 44.4693
43701 19732 426.095
43751 19639.9 49.2962
43801 19659.2 45.2551
43851 19736.2 423.087
43901 19645.1 49.1707
43951 19695.2 47.214
44001 19676.8 41.4485
44051 19823.4 856.928
44101 19667.2 41.5814
44151 19672.4 41.8191
44201 19860.8 802.067
44251 19663.7 40.9838
44301 19685.3 48.1084
44351 19683.2 44.3698
44401 19685.8 45.6714
44451 19672.3 42.1065
44501 19675.5 54.8402
44551 19828 840.211
44601 19695.8 50.8633
44651 19696.3 39.6997
44701 19758.3 434.538
44751 19709.4 37.2785
44801 19674.2 53.8157
44851 19712.7 54.8457
44901 19685.2 53.2248
44951 19696.4 49.0978
45001 19711.3 39.9675
45051 20242.1 3409.35
45101 19865.7 981.2
45151 19708.3 50.3731
45201 19771.6 484.32
45251 19706.8 46.7781
45301 19698.5 49.8738
45351 19712.3 44.8683
45401 19715.1 46.368
45451 19699.3 52.7096
45501 19733 43.5006
45551 19856.9 811.483
45601 19710.6 38.1444
45651 19690.1 47.8669
45701 19770.2 433.795
45751 19709.3 46.262
45801 19715.3 47.5376
45851 19715 47.5721
45901 19771.8 406.26
45951 19729.2 55.7734
46001 19701.2 47.7581
46051 19867.4 873.531
46101 19743 49.0734
46151 19725.1 43.4496
46201 19925.2 1352.74
46251 19744.7 40.9415
46301 19735.6 41.2793
46351 19727.2 41.3791
46401 19794.8 416.555
46451 19725.8 61.3897
46501 19728.8 31.2985
46551 19864.4 861.845
46601 19735.2 55.5232
46651 19731.9 47.6792
46701 19726.1 57.8086
46751 19723 41.0341
46801 19723 47.7739
46851 19734.5 46.7151
46901 19799.4 384.244
46951 19744.7 50.5778
47001 19751.8 46.3643
47051 19874.8 849.892
47101 19743.9 43.7928
47151 19732.8 34.3814
47201 19732.1 43.4276
47251 19729.2 42.628
47301 19750 40.7422
47351 19733.7 44.9561
47401 19790.6 411.91
47451 19727 44.264
47501 19732 50.92
47551 19905 849.948
47601 20423.8 3025.17
47651 19747.3 40.7967
47701 19745 42.9674
47751 19751.4 47.2688
47801 19765 48.2364
47851 19761.7 45.1999
47901 19837 455.837
47951 19751.2 49.4918
48001 20216.7 2750.64
48051 19951.8 1200.41
48101 19756.7 46.2799
48151 20332.5 2657.7
48201 19774.3 46.1777
48251 19761 46.1622
48301 20505 3186.89
48351 19751.3 39.2852
48401 20831.6 3471.25
48451 19982.1 1370.68
48501 19774.7 44.5112
48551 19913.5 926.518
48601 19786.3 47.5347
48651 19779.9 48.8072
48701 19778 42.65
48751 19779.6 42.7936
48801 19783.3 45.2572
48851 19770.3 38.821
48901 19870.3 623.326
48951 19777.3 43.6212
49001 19782.9 65.353
49051 19933.5 864.372
49101 19788.2 46.9084
49151 19777 45.5922
49201 19798.2 55.928
49251 19776.5 48.4531
49301 19807.4 48.1388
49351 19803 47.8989
49401 19859.7 390.465
49451 19800.1 55.3176
49501 19797.1 48.0363
49551 19936.2 838.311
49601 19799.6 45.1541
49651 19811.3 45.422
49701 19818.1 45.3169
49751 19849.6 46.368
49801 19835.1 40.5766
49851 19842.2 42.8163
49901 19899.8 416.451
49951 19823.9 40.9934
