1 190.975 5.12585
51 2882.9 44.7665
101 5505.95 9142.33
151 2763.75 26.4469
201 3354.6 47.7466
251 3775.28 61.6774
301 4599.77 69.3742
351 4916.02 73.0827
401 5315.4 64.0772
451 5821.77 62.7493
501 6224.05 88.2652
551 7118.77 98.9769
601 7539.18 168.435
651 7878.77 102.412
701 6044.85 134.058
751 6277.12 73.9504
801 6654.93 124.457
851 7282.85 1927.6
901 7277.73 79.6408
951 7548.32 89.8333
1001 8059.77 1109.23
1051 8482.65 106.52
1101 8857.27 94.1161
1151 9082.83 91.3895
1201 9484.92 121.876
1251 9792.6 177.727
1301 10079.2 94.9295
1351 10492 184.19
1401 10668.5 96.3172
1451 11007.3 161.675
1501 11420.3 854.946
1551 11672.6 109.455
1601 11946.3 142.149
1651 12291.5 119.694
1701 12655.3 120.06
1751 12857.8 138.092
1801 13245.2 115.312
1851 14336.5 1264.5
1901 14055.9 236.689
1951 14185.5 135.967
2001 14372.8 124.124
2051 15364.1 173.638
2101 15557.6 108.638
2151 15950.6 116.352
2201 16245.2 113.294
2251 16665.3 214.409
2301 17138.7 965.582
2351 17291.6 245.639
2401 17835.4 306.301
2451 17984.4 921.441
2501 19350.3 5556.09
2551 19061.5 804.483
2601 18938.2 123.572
2651 19227.7 960.46
2701 19282 139.691
2751 20700.2 2024.4
2801 20157.5 1015.15
2851 20533.5 193.746
2901 20974.2 1604.54
2951 21243.3 194.755
3001 21308.5 143.607
3051 21657.9 140.273
3101 21904 199.351
3151 23640.8 2492.37
3201 22754 292.733
3251 22913.5 146.97
3301 23562.6 1760.81
3351 23811.1 332.243
3401 23945 177.464
3451 24381.7 841.657
3501 24709.7 231.97
3551 24971.7 212.978
3601 25152.7 196.27
3651 25601.5 153.987
3701 25832.4 233.63
3751 26377.5 848.362
3801 26627 1210.99
3851 26952.5 874.138
3901 27780.7 1539.5
3951 27662.9 880.797
4001 27784.8 204.161
4051 28247.2 205.002
4101 29546.7 197.527
4151 30390.4 2345.01
4201 30255.1 210.627
4251 32139.2 2092.8
4301 30862.2 204.534
4351 32072.9 514.731
4401 31834.9 181.336
4451 32672.3 1693.57
4501 32728.5 2882.71
4551 33058.8 2347.01
4601 33083.6 1405.69
4651 33149.1 317.185
4701 33570.5 189.745
4751 34729.3 1234.59
4801 34762.1 2242.98
4851 34485.6 262.726
4901 37840.8 7844.29
4951 35409 1021.69
5001 35510.9 225.861
5051 35972.6 337.418
5101 36316.8 259.542
5151 36917.3 341.639
5201 36911 235.023
5251 37197.4 218.746
5301 38124.4 1519.78
5351 38366.6 611.635
5401 38087.9 340.272
5451 38506.9 245.501
5501 40147.1 2795.47
5551 39164.1 211.991
5601 39766.5 529.866
5651 39803.5 237.11
5701 40127 272.107
5751 42952.8 7052.96
5801 40701.7 216.519
5851 41212.7 925.788
5901 41389.9 243.572
5951 41664.9 260.849
6001 42077.6 298.975
6051 43233.5 2526.3
6101 45353 6985.85
6151 42937.4 245.395
6201 43199.7 229.92
6251 45053.8 2716.79
6301 44194 2124.83
6351 44389.7 208.23
6401 44685.2 244.208
6451 45461.7 1070.14
6501 45640.1 2015.2
6551 45476 254.525
6601 46059.2 331.439
6651 46392.4 308.642
6701 46559.2 223.043
6751 47038.3 424.905
6801 50564.1 10246
6851 49615.7 4578.6
6901 48224.6 389.224
6951 48418.9 996.567
7001 49324.7 2890.61
7051 49065.3 1013.56
7101 48981 243.847
7151 50952.2 3467.76
7201 50391.8 2142.93
7251 50181.9 755.555
7301 52367.9 5138.2
7351 50650.1 257.458
7401 51347.7 1074.96
7451 52187.2 1357
7501 52016.1 1902.43
7551 56058.1 11972.3
7601 54681.9 2503.4
7651 52874.5 307.628
7701 57193.6 9330.96
7751 53515.9 441.246
7801 53879.1 1293.25
7851 54111.8 975.346
7901 54574.2 2378.56
7951 54668.2 1152.77
8001 55178 1166.36
8051 55254.7 239.558
8101 55807.5 2088.45
8151 56054.6 550.089
8201 58739.1 459.229
8251 59121 277.172
8301 59168.5 288.208
8351 59910.2 424.688
8401 60721.3 2252.4
8451 60385 280.205
8501 61251.2 1397.07
8551 61229.5 1176.24
8601 62688.4 1947.57
8651 61552.2 267.753
8701 64129.1 3934.57
8751 62960 2481.32
8801 63567.4 752.125
8851 63093.5 2245.85
8901 64322.8 1596.9
8951 63575.5 1281.87
9001 64634.9 2890.65
9051 64178.2 1150.85
9101 70589.9 13470.8
9151 64943.3 1332.57
9201 65315.6 282.667
9251 65797.5 2501.85
9301 66409.2 2374.33
9351 67251.3 7574.9
9401 67114.2 2375.17
9451 66825.7 382.311
9501 67280.7 1397.1
9551 67811.7 1480.79
9601 67820.1 2041.87
9651 68363.2 982.172
9701 68980.5 1580.76
9751 69487 2353.87
9801 69311.1 897.6
9851 70067.6 2819.03
9901 69834.8 1332.26
9951 70418 1439.95
