1 98.325 1.69392
51 235.55 7.86432
101 394.9 5.23355
151 508.7 4.6594
201 646.375 4.45919
251 772.375 3.35922
301 898.375 2.65224
351 1015.1 4.94874
401 1175.55 7.36868
451 1293.38 3.82549
501 1409.35 3.18237
551 1536.47 8.32162
601 1705.58 6.85889
651 1853.28 8.41424
701 2000.42 12.845
751 2110.22 9.58772
801 2262.93 10.3474
851 2377.7 30.3654
901 2513.85 22.3781
951 2655.05 27.28
1001 2786.47 41.4198
1051 2916.38 11.7594
1101 3089.97 79.9154
1151 3237.32 70.9388
1201 3306.47 12.3004
1251 3440.72 14.6013
1301 3596.07 14.4748
1351 3706.22 15.7424
1401 3867.25 17.5496
1451 3965 18.787
1501 4083.93 17.1105
1551 4288.85 82.9161
1601 4340.27 40.8913
1651 4570.02 90.376
1701 4786.85 88.0723
1751 4898.6 119.675
1801 4931.1 151.414
1851 5032.82 21.8001
1901 5307.77 223.306
1951 5255.05 16.7675
2001 5468.35 32.9724
2051 5845.15 1733.34
2101 5745.3 69.4673
2151 5888.05 169.508
2201 5925.77 14.8517
2251 6086.77 24.6896
2301 6238.73 25.7769
2351 6518.1 111.659
2401 6635.57 119.012
2451 6791.35 204.909
2501 6781.45 33.9227
2551 6920.1 20.608
2601 7041.95 27.8163
2651 7085.95 22.461
2701 7645.12 25.4147
2751 7439.25 43.1125
2801 7862.3 130.974
2851 7627.32 20.7152
2901 8117.7 28.9147
2951 7911.93 24.8379
3001 8458.52 28.9119
3051 8382.67 32.2199
3101 8794.8 224.783
3151 8880.05 139.801
3201 8847.33 34.7278
3251 9064.45 41.9309
3301 9279.38 36.6543
3351 9619.98 205.439
3401 9636.33 175.299
3451 9816.08 26.7856
3501 10301.4 2303.32
3551 9856.23 75.3228
3601 9964.08 32.5387
3651 10151.2 37.8115
3701 10505.3 176.245
3751 10403.1 34.5382
3801 10620.1 40.7011
3851 10626.2 30.1877
3901 11007.6 300.652
3951 11757.6 287.224
4001 11163.1 36.5261
4051 11763.2 38.3596
4101 11552 46.0171
4151 12715.5 502.673
4201 11995.5 35.0492
4251 12494.2 161.445
4301 12323.2 40.5577
4351 13121.7 321.533
4401 12612.2 41.1563
4451 13135.7 56.0839
4501 13064 230.969
4551 13720.5 41.5084
4601 13396.2 52.2699
4651 14029.5 56.0865
4701 13896.6 1481.12
4751 14162.4 55.3325
4801 14093.1 51.3343
4851 15405.9 999.268
4901 15613 2761.77
4951 15085.9 52.3497
5001 15049.5 43.6022
5051 15383.5 64.7873
5101 15378.3 53.1855
5151 15802.1 84.2176
5201 15730.4 63.7957
5251 17272.2 4313.96
5301 16295 1224.36
5351 17230.3 1950.24
5401 16863.1 1040.32
5451 17070.2 53.9916
5501 17572.6 338.613
5551 17485.3 53.8397
5601 17456.2 64.6482
5651 17975.8 1216.35
5701 17896.2 215.09
5751 18742.8 402.533
5801 18286.8 57.9321
5851 18949.1 269.355
5901 18585.2 59.199
5951 19682 1360.76
6001 18378.5 58.6187
6051 19596.5 459.004
6101 19447.7 50.5114
6151 19521.1 66.2482
6201 20042.2 1865.39
6251 20471.4 1469.18
6301 19962.1 1015.3
6351 20668.8 246.165
6401 20036 85.641
6451 20602.3 69.2505
6501 20727.5 56.0192
6551 20991.8 98.106
6601 21051.7 100.984
6651 21538 1408.8
6701 21770.2 198.784
6751 21549.5 231.81
6801 23248.4 3110.93
6851 22020.2 68.1314
6901 22034.8 97.3481
6951 23539.9 1449.29
7001 22500.1 65.4035
7051 22522.7 67.5175
7101 23401.4 499.346
7151 23151.7 64.3138
7201 23137.3 72.096
7251 23867.1 445.825
7301 24298.7 459.612
7351 23623.2 155.073
7401 23843.9 62.6172
7451 26836.7 8258.03
7501 24387 68.7139
7551 24359 1042.21
7601 25053.3 342.996
7651 26506.1 4326.16
7701 25026.3 70.1627
7751 25270.4 68.7288
7801 25362.2 270.916
7851 25657.7 189.174
7901 26129 1218.68
7951 25597.6 76.6755
8001 26276.1 443.815
8051 25967.1 85.934
8101 26246.5 74.8712
8151 26461.8 145.253
8201 27120.7 850.27
8251 27129.8 2446.64
8301 26938.3 83.3161
8351 27014.6 69.714
8401 27269.1 72.7369
8451 27774.8 1937.12
8501 27690 1073.52
8551 27789.1 68.1402
8601 27879.1 71.6478
8651 28294.8 1010.59
8701 28308.4 85.9124
8751 28667.6 1146.21
8801 28495.5 79.352
8851 29477.2 511.048
8901 28913.5 189.28
8951 29021.3 84.0848
9001 29446.2 120.818
9051 29294.5 76.7831
9101 29522.8 77.6901
9151 29957.3 2077.31
9201 29753 88.2134
9251 30226.4 1104.23
9301 30233.8 69.8905
9351 30589.5 1549.6
9401 31046.7 2588.59
9451 30686.5 84.8119
9501 30864.7 68.6628
9551 31162.6 138.403
9601 31430.3 1236.79
9651 31392.4 71.5712
9701 31698.5 291.364
9751 32110.8 1548.51
9801 36954.5 11869.8
9851 32445.2 2211.58
9901 32446.8 1399.46
9951 32290.6 75.3849
