2 351.797 175.898 253.768
4 394.557 98.6392 71.1531
8 486.428 60.8035 29.2403
16 624.956 39.0598 14.0878
32 981.614 30.6754 8.85106
64 1353.8 21.1532 5.08626
128 2143.45 16.7457 3.45128
256 3345.21 13.0672 2.35651
512 3621.19 7.07263 1.13374
1024 7839.11 7.65538 1.10444
2048 16421.4 8.01825 1.05163
4096 57936.7 14.1447 1.70054
8192 154006 18.7995 2.08631
16384 345659 21.0973 2.17407
32768 799490 24.3985 2.34664
65536 1.83587e+06 28.0132 2.5259
131072 4.21575e+06 32.1636 2.72954
262144 9.36054e+06 35.7076 2.86196
524288 2.12378e+07 40.508 3.07582
1048576 3.72629e+07 35.5367 2.56343
2097152 7.2036e+07 34.3494 2.3598
4194304 1.52416e+08 36.3387 2.38299
8388608 3.11436e+08 37.126 2.32876
16777216 6.44745e+08 38.4298 2.3101
